99999 30 99999 99999 99999 99999 99999 99999 99999 99999 13 99999 99999 99999 99999 
30 99999 53 130 99999 99999 28 163 20 99999 99999 99999 99999 99999 99999 
99999 53 99999 99999 21 78 99999 99999 99999 58 1 99999 99999 99999 99999 
99999 130 99999 99999 99999 99999 99999 99999 99999 99999 162 99999 99999 94 99999 
99999 99999 21 99999 99999 99999 99999 99999 99999 176 99999 99999 99999 99999 99999 
99999 99999 78 99999 99999 99999 99999 99999 46 99999 37 99999 99999 99999 99999 
99999 28 99999 99999 99999 99999 99999 99999 99999 99999 99999 99999 99999 99999 2 
99999 163 99999 99999 99999 99999 99999 99999 99999 99999 99999 99999 185 99999 99999 
99999 20 99999 99999 99999 46 99999 99999 99999 99999 99999 99999 55 99999 99999 
99999 99999 58 99999 176 99999 99999 99999 99999 99999 100 99999 28 135 99999 
13 99999 1 162 99999 37 99999 99999 99999 100 99999 190 55 99999 99999 
99999 99999 99999 99999 99999 99999 99999 99999 99999 99999 190 99999 99999 99999 99999 
99999 99999 99999 99999 99999 99999 99999 185 55 28 55 99999 99999 99999 99999 
99999 99999 99999 94 99999 99999 99999 99999 99999 135 99999 99999 99999 99999 99999 
99999 99999 99999 99999 99999 99999 2 99999 99999 99999 99999 99999 99999 99999 99999 
Longest path= 396
MAX TIme= 126294
vertices= 15
edges= 0
