0 1 1 0 1 0 1 1 1 0 1 0 0 0 1 1 0 0 0 0 0 0 0 0 0 0 0 0 1 0 
1 0 0 1 1 0 0 0 0 0 0 1 0 0 0 0 0 1 0 0 0 0 1 1 0 0 1 0 0 0 
1 0 0 0 0 1 0 0 0 1 1 1 0 1 0 1 0 0 0 0 0 0 0 1 1 1 0 1 0 0 
0 1 0 0 0 0 0 0 0 1 1 0 0 0 0 0 0 0 1 1 1 0 1 0 0 1 0 1 0 1 
1 1 0 0 0 1 1 1 0 1 0 0 0 0 0 0 1 0 0 1 0 0 0 0 0 0 0 0 1 0 
0 0 1 0 1 0 1 1 1 0 0 0 0 0 0 0 0 1 0 1 0 0 0 1 0 0 1 0 0 0 
1 0 0 0 1 1 0 1 0 0 1 0 0 0 0 0 0 0 0 0 0 0 0 1 1 0 0 0 1 0 
1 0 0 0 1 1 1 0 0 0 1 1 0 0 1 0 1 1 1 1 1 0 0 1 0 0 0 0 1 1 
1 0 0 0 0 1 0 0 0 0 0 0 0 0 1 1 1 1 0 1 0 0 0 0 0 0 1 0 0 0 
0 0 1 1 1 0 0 0 0 0 0 1 0 0 1 0 1 0 1 0 1 1 1 1 1 1 0 1 0 0 
1 0 1 1 0 0 1 1 0 0 0 0 1 1 1 1 1 0 0 0 1 0 0 0 0 1 0 0 0 0 
0 1 1 0 0 0 0 1 0 1 0 0 1 0 0 0 0 0 0 1 0 0 0 0 0 0 0 1 0 1 
0 0 0 0 0 0 0 0 0 0 1 1 0 0 1 0 0 0 0 0 0 1 0 0 1 0 0 1 0 0 
0 0 1 0 0 0 0 0 0 0 1 0 0 0 1 1 1 0 0 1 0 0 0 0 0 0 1 0 1 0 
1 0 0 0 0 0 0 1 1 1 1 0 1 1 0 0 1 1 0 0 0 0 0 0 0 1 0 0 1 1 
1 0 1 0 0 0 0 0 1 0 1 0 0 1 0 0 0 0 0 0 1 0 0 0 0 1 0 1 0 0 
0 0 0 0 1 0 0 1 1 1 1 0 0 1 1 0 0 0 0 1 0 1 0 0 1 0 0 0 0 1 
0 1 0 0 0 1 0 1 1 0 0 0 0 0 1 0 0 0 1 1 0 0 0 1 0 0 0 0 0 0 
0 0 0 1 0 0 0 1 0 1 0 0 0 0 0 0 0 1 0 0 0 0 0 1 1 0 0 0 1 0 
0 0 0 1 1 1 0 1 1 0 0 1 0 1 0 0 1 1 0 0 0 0 0 0 0 0 0 0 0 0 
0 0 0 1 0 0 0 1 0 1 1 0 0 0 0 1 0 0 0 0 0 0 0 0 1 0 1 0 0 0 
0 0 0 0 0 0 0 0 0 1 0 0 1 0 0 0 1 0 0 0 0 0 0 0 1 0 0 0 0 0 
0 1 0 1 0 0 0 0 0 1 0 0 0 0 0 0 0 0 0 0 0 0 0 0 1 0 0 1 0 0 
0 1 1 0 0 1 1 1 0 1 0 0 0 0 0 0 0 1 1 0 0 0 0 0 1 0 0 0 0 0 
0 0 1 0 0 0 1 0 0 1 0 0 1 0 0 0 1 0 1 0 1 1 1 1 0 0 0 0 0 0 
0 0 1 1 0 0 0 0 0 1 1 0 0 0 1 1 0 0 0 0 0 0 0 0 0 0 0 0 0 0 
0 1 0 0 0 1 0 0 1 0 0 0 0 1 0 0 0 0 0 0 1 0 0 0 0 0 0 0 0 1 
0 0 1 1 0 0 0 0 0 1 0 1 1 0 0 1 0 0 0 0 0 0 1 0 0 0 0 0 0 0 
1 0 0 0 1 0 1 1 0 0 0 0 0 1 1 0 0 0 1 0 0 0 0 0 0 0 0 0 0 0 
0 0 0 1 0 0 0 1 0 0 0 1 0 0 1 0 1 0 0 0 0 0 0 0 0 0 1 0 0 0 
999 78 174 999 101 999 146 32 23 999 143 999 999 999 83 197 999 999 999 999 999 999 999 999 999 999 999 999 68 999 
78 999 999 112 130 999 999 999 999 999 999 84 999 999 999 999 999 90 999 999 999 999 40 152 999 999 174 999 999 999 
174 999 999 999 999 66 999 999 999 8 10 33 999 40 999 128 999 999 999 999 999 999 999 130 20 92 999 21 999 999 
999 112 999 999 999 999 999 999 999 85 124 999 999 999 999 999 999 999 151 89 2 999 77 999 999 142 999 100 999 109 
101 130 999 999 999 117 195 192 999 66 999 999 999 999 999 999 63 999 999 57 999 999 999 999 999 999 999 999 197 999 
999 999 66 999 117 999 99 99 189 999 999 999 999 999 999 999 999 52 999 73 999 999 999 8 999 999 12 999 999 999 
146 999 999 999 195 99 999 84 999 999 193 999 999 999 999 999 999 999 999 999 999 999 999 52 12 999 999 999 75 999 
32 999 999 999 192 99 84 999 999 999 72 56 999 999 96 999 158 132 199 199 134 999 999 77 999 999 999 999 93 34 
23 999 999 999 999 189 999 999 999 999 999 999 999 999 186 163 29 131 999 29 999 999 999 999 999 999 44 999 999 999 
999 999 8 85 66 999 999 999 999 999 999 140 999 999 178 999 95 999 39 999 120 147 113 80 159 149 999 73 999 999 
143 999 10 124 999 999 193 72 999 999 999 999 12 113 148 36 121 999 999 999 197 999 999 999 999 146 999 999 999 999 
999 84 33 999 999 999 999 56 999 140 999 999 53 999 999 999 999 999 999 196 999 999 999 999 999 999 999 97 999 187 
999 999 999 999 999 999 999 999 999 999 12 53 999 999 25 999 999 999 999 999 999 191 999 999 173 999 999 12 999 999 
999 999 40 999 999 999 999 999 999 999 113 999 999 999 106 154 143 999 999 135 999 999 999 999 999 999 150 999 83 999 
83 999 999 999 999 999 999 96 186 178 148 999 25 106 999 999 66 45 999 999 999 999 999 999 999 74 999 999 186 193 
197 999 128 999 999 999 999 999 163 999 36 999 999 154 999 999 999 999 999 999 187 999 999 999 999 66 999 104 999 999 
999 999 999 999 63 999 999 158 29 95 121 999 999 143 66 999 999 999 999 88 999 91 999 999 68 999 999 999 999 1 
999 90 999 999 999 52 999 132 131 999 999 999 999 999 45 999 999 999 39 105 999 999 999 74 999 999 999 999 999 999 
999 999 999 151 999 999 999 199 999 39 999 999 999 999 999 999 999 39 999 999 999 999 999 188 3 999 999 999 127 999 
999 999 999 89 57 73 999 199 29 999 999 196 999 135 999 999 88 105 999 999 999 999 999 999 999 999 999 999 999 999 
999 999 999 2 999 999 999 134 999 120 197 999 999 999 999 187 999 999 999 999 999 999 999 999 137 999 101 999 999 999 
999 999 999 999 999 999 999 999 999 147 999 999 191 999 999 999 91 999 999 999 999 999 999 999 66 999 999 999 999 999 
999 40 999 77 999 999 999 999 999 113 999 999 999 999 999 999 999 999 999 999 999 999 999 999 162 999 999 44 999 999 
999 152 130 999 999 8 52 77 999 80 999 999 999 999 999 999 999 74 188 999 999 999 999 999 191 999 999 999 999 999 
999 999 20 999 999 999 12 999 999 159 999 999 173 999 999 999 68 999 3 999 137 66 162 191 999 999 999 999 999 999 
999 999 92 142 999 999 999 999 999 149 146 999 999 999 74 66 999 999 999 999 999 999 999 999 999 999 999 999 999 999 
999 174 999 999 999 12 999 999 44 999 999 999 999 150 999 999 999 999 999 999 101 999 999 999 999 999 999 999 999 174 
999 999 21 100 999 999 999 999 999 73 999 97 12 999 999 104 999 999 999 999 999 999 44 999 999 999 999 999 999 999 
68 999 999 999 197 999 75 93 999 999 999 999 999 83 186 999 999 999 127 999 999 999 999 999 999 999 999 999 999 999 
999 999 999 109 999 999 999 34 999 999 999 187 999 999 193 999 1 999 999 999 999 999 999 999 999 999 174 999 999 999 
5
26
8
17
12
9
18
13
12
20
8
